vmbLv