fbNJY